111 476 139 352 223 348 210 475
210 475 224 348 306 342 318 473
318 473 305 341 391 337 424 464
423 464 391 336 474 330 519 448
519 448 473 329 546 321 608 430
164 268 180 212 235 206 229 265
229 265 235 207 293 203 300 260
300 260 294 201 351 199 367 254
367 254 351 199 409 194 435 248
435 248 410 195 463 191 498 245
187 195 197 159 243 154 239 193
239 193 243 154 290 151 296 189
296 189 289 150 337 148 350 185
350 185 338 149 385 146 405 182
405 182 385 145 430 144 457 177
206 129 211 106 250 104 246 126
246 126 250 102 286 99 287 121
287 121 285 98 323 98 329 118
330 120 325 98 361 95 371 116
369 119 360 97 398 93 413 116
